-87 0 88 -93 62 127 -109 0 80
33 0 -15 0 -11 -44 27 -29 -23
53 -28 -72 80 0 -84 107 0 -48
39 0 26 -64 -40 37 -37 22 0
0 -35 0 -128 -56 87 -35 81 81
-45 -58 0 -71 -25 54 0 93 75
20 60 0 -30 -87 38 0 -26 41
37 78 0 -50 -128 40 0 -35 65
40 51 -42 15 -55 0 17 -16 0
24 76 69 19 103 77 -28 0 0
-93 -57 0 -128 0 16 -90 -64 -60
0 40 74 -66 50 109 -69 0 31
36 68 -16 0 0 -4 -18 -38 -16
83 127 0 0 -17 -28 -50 -81 -44
41 77 -1 0 0 0 -37 -54 -30
-49 -46 -58 0 16 0 35 72 11
-106 -97 -83 -59 0 -25 0 60 18
-19 0 0 27 90 52 53 127 49
-59 -26 57 -72 0 96 -33 0 49
-69 0 87 -96 -34 127 -44 0 50
-15 0 38 -42 -12 62 -17 -23 0
0 19 0 33 127 62 13 60 38
-81 19 0 -2 74 28 -60 -24 0
-126 -48 -89 -61 2 0 -76 -49 0
-82 -99 0 -35 120 103 0 126 110
0 -92 -6 -86 0 -42 -87 -54 -85
127 53 26 55 98 -8 0 0 -79
-57 -110 -65 0 41 22 35 75 0
-91 -127 -76 0 41 0 48 101 45
-43 -81 -28 0 28 26 7 51 0
-20 -48 33 -93 -57 83 0 0 20
-21 -51 69 -128 -71 119 0 0 25
0 -22 11 -78 -72 18 0 -44 -29
-34 -80 50 32 -13 34 18 0 0
-57 -128 24 76 0 29 47 22 0
-9 -46 44 36 0 10 0 -14 -16
35 0 21 0 -116 -23 34 -18 11
21 -26 0 -31 -127 -31 27 0 24
-32 -44 -28 -36 -83 -36 0 -34 0
-62 -113 -50 -99 -101 -44 0 -75 0
9 -33 -5 3 7 34 35 0 0
0 0 33 62 127 98 60 80 64
-62 -125 -93 -43 78 0 0 120 80
0 -55 -62 -29 120 36 -35 57 0
127 67 48 0 49 0 -102 -85 -112
-54 -118 -89 0 -77 -126 0 -82 -76
-28 0 4 84 127 44 61 57 0
-34 22 36 0 123 50 -28 0 -22
0 -9 -12 28 49 -10 -14 0 -5
0 54 73 62 127 65 0 38 46
0 -116 -73 -25 -120 -121 30 -51 0
-63 15 79 -99 0 76 -56 0 12
-105 0 85 -128 -20 103 -59 0 55
-59 0 29 -75 -16 52 0 5 15
43 98 24 27 35 44 0 0 -27
-52 -46 -80 -81 -128 -57 0 -48 0
0 34 0 22 36 62 28 51 28
18 -18 80 0 80 -15 -66 0 -92
-57 -128 0 31 115 -23 0 106 -53
-39 -96 -2 0 69 -14 16 78 0
-31 72 57 -74 0 71 -59 -40 0
0 127 68 -69 -27 47 -76 -86 0
35 80 11 0 0 7 -14 -54 -46
23 62 36 0 51 0 -41 -107 -53
0 62 30 33 66 0 -27 -128 -63
-53 -12 -14 0 42 28 0 -29 24
25 0 42 -56 -24 27 -118 -63 0
93 64 0 91 127 69 0 54 37
0 0 40 -80 -23 30 -116 -55 17
-67 0 51 -96 -128 103 -65 0 45
59 38 -27 88 -63 71 57 0 0
71 0 -77 100 -56 -32 68 0 -85
33 0 -43 20 -82 -87 50 0 -77
0 0 -13 -26 -55 -38 3 -20 -57
0 60 72 0 96 127 -38 75 68
0 -76 -32 -37 -127 -109 -51 -46 0
59 0 0 120 50 -20 78 115 49
0 -90 -96 80 0 -64 76 100 39
-53 0 54 -55 31 68 -40 0 17
-70 -119 0 -104 -77 0 -64 -90 -76
0 0 71 65 127 103 61 83 50
46 51 54 -30 -42 0 -83 -55 0
0 -12 0 -76 -111 -25 -128 -102 -12
63 74 57 28 0 54 -43 0 52
-67 -43 0 -128 -87 16 -79 -59 0
58 82 41 40 95 82 0 53 0
-5 -68 -95 0 -79 -72 57 0 -39
0 -95 -72 0 -42 -31 78 66 38
0 -128 -98 0 -60 -51 68 51 19
27 -62 -59 35 0 -26 70 58 0
0 0 19 -128 -102 -63 -91 -106 -36
60 84 74 -23 39 0 -49 -45 0
59 93 54 26 112 54 -15 0 0
0 -17 0 -128 -94 -22 -84 -29 28
0 64 86 -66 0 80 -44 71 105
-39 0 58 -82 0 73 -63 48 68
-42 -128 -28 0 -45 0 90 101 55
0 -45 126 -5 -73 67 -20 0 -11
68 20 94 0 -49 0 -44 -45 -75
37 127 25 -38 0 0 -47 -59 -29
22 121 -21 -43 0 -39 -14 -27 0
-42 18 -69 -16 0 0 39 33 52
35 36 -68 45 -76 -42 78 0 0
26 87 19 -37 -128 0 10 0 39
-28 56 0 -41 -46 54 -36 0 43
68 23 62 0 -50 58 -56 -91 0
34 0 80 -39 -61 39 -89 -128 0
-48 -78 -53 -38 -71 -50 0 -62 0
56 91 13 0 0 -39 -43 -97 -57
63 120 40 0 8 0 -82 -128 -72
15 67 13 -20 0 -10 -41 -85 0
-22 -53 0 -78 -128 -27 -26 -66 0
58 28 64 -17 -61 35 0 0 58
22 0 17 -13 -39 19 11 0 32
-20 -64 -53 24 -89 -65 0 -31 0
65 81 74 127 67 65 55 0 0
-23 0 37 -18 -61 0 -62 -75 -16
74 30 38 98 -50 0 -45 -49 0
54 -40 0 93 -128 -48 -25 -55 0
0 -20 -9 68 -26 0 -14 29 56
44 0 -33 61 29 -86 30 0 -48
28 0 -76 86 51 -128 66 0 -49
57 0 -73 92 31 -113 81 0 -68
-89 -88 -75 -58 0 -38 17 27 0
0 8 0 53 127 54 84 105 39
-36 0 -26 0 73 13 -18 1 -30
-110 -114 -30 46 41 0 103 79 0
0 -94 -36 127 48 -81 117 0 -64
38 0 31 68 0 -50 16 -36 -74
0 -43 -62 66 63 0 57 48 -28
-40 -79 -114 0 -39 -103 0 -49 -100
75 79 0 92 127 54 55 67 0
14 -20 0 -18 -78 -30 13 -28 0
0 -49 -30 -50 -127 -66 0 -52 -30
41 26 32 0 -43 6 24 0 21
0 14 77 -35 0 23 51 79 72
-97 -60 20 -128 -102 -39 -38 0 0
-68 -46 24 -75 -68 0 -39 0 35
54 -16 -76 81 0 -92 13 0 -30
92 -15 -112 121 0 -128 60 0 -58
56 0 -59 69 -17 -74 16 0 -25
30 0 0 52 73 50 45 127 41
48 -30 0 -48 -124 -69 -19 0 -47
0 27 59 -41 -53 21 -60 -32 0
0 -39 -82 0 -74 -62 41 -35 -47
73 127 23 51 117 83 0 0 -16
-105 -46 0 -90 -26 55 -18 0 54
-100 -70 0 -128 -57 59 -57 0 79
0 0 21 -25 31 87 28 81 70
-13 -17 0 -66 -21 18 -9 16 0
-51 -52 0 -98 -104 -56 -58 -55 0
0 -1 -41 0 -20 -77 28 7 -18
13 32 0 96 94 0 115 127 67
0 46 -31 -73 65 0 13 17 -24
-35 64 -27 -127 98 0 -10 39 0
0 22 -29 -41 56 0 23 7 -25
6 73 0 48 92 -5 -18 -4 0
0 45 -110 47 87 -89 -72 0 -105
0 -21 -128 6 60 -73 -82 0 -106
61 0 -46 127 65 -86 0 -29 -62
-27 -69 -15 81 75 -30 -44 0 0
-88 0 64 -37 46 46 -87 0 76
-114 0 -98 -115 -35 -41 -120 -120 0
0 12 0 12 123 52 -10 23 -32
-1 51 -42 15 127 97 0 -43 0
127 99 52 58 0 0 -71 -110 -122
28 0 -62 79 -46 -61 55 0 -26
-62 -99 -122 49 0 0 96 94 53
0 0 -44 37 -21 -64 67 42 -29
-52 -69 -95 0 0 -52 116 127 60
-58 -76 -100 0 0 -34 98 112 68
-74 -108 -38 24 0 0 70 84 64
-94 -128 -29 0 38 0 57 78 56
-19 -48 0 21 21 0 21 26 12
0 0 -37 33 53 -79 23 26 -3
33 39 -54 63 79 -128 0 0 -51
-5 23 0 12 48 -49 -5 0 -6
0 41 21 0 -80 17 36 -33 21
11 57 26 20 -127 0 57 -54 0
-26 18 0 22 -50 14 35 0 16
0 61 19 53 20 32 20 -81 0
-15 31 14 29 -45 0 0 -127 -6
-17 -3 -17 0 -54 -27 0 -73 -23
35 63 9 108 123 -38 15 0 0
-103 -41 0 -36 0 -82 -45 -45 12
-128 -71 -22 -65 -19 0 -26 0 63
0 -19 0 -41 -128 -95 -45 -122 -116
36 -39 0 12 -98 -83 0 -70 -79
91 0 87 118 72 74 96 0 63
0 -26 -64 80 -6 -62 100 0 -7
68 0 -43 107 0 -92 53 -54 -77
123 119 82 0 0 -49 -57 -127 -115
